MHK258	MHK259	MHK260	MHK261	MHK262	MHK263	MHK264	MHK266	MHK267	MHK268	MHK269	MHK270
Faecalibaculum rodentium	-0.0949513951244629	-0.530269466382309	1.38932337435563	1.04212717437144	0.709421420545706	-0.220114538078469	-0.289107409565421	-1.13640526995263	-0.73094016184446	-0.289107409565421	-0.289107409565421	0.439131090805795
Christensenella minuta	0.125234788272877	0.125234788272877	-0.493804420133346	-0.830276656754558	-0.360273027508823	0.818381968832822	0.892489940986545	-0.242489991852439	0.504724409977781	-0.360273027508823	-0.0418192963902886	-0.137129476194612
Adlercreutzia equolifaciens	-0.104315021484929	0.232157215136283	0.132073756579301	-0.247415865125603	-0.039776500347358	0.406510602281061	0.554930607399335	-0.414469949788769	-0.173307892971881	-0.039776500347358	0.0208481214690774	-0.32745857279914
Butyrivibrio hungatei	0.0563397251822657	0.107633019569816	-0.690874676647955	-0.585514160990128	-0.690874676647955	0.873100861709388	0.825472812720133	-0.690874676647955	1.00372104412645	-0.115510531744393	0.156423183739248	-0.249041924368916
Parabacteroides chongii	0.042730353039663	-0.0983482452202429	0.276345204221169	0.16634430900684	0.16634430900684	-0.375979981818522	-0.503813353328407	0.118716260017585	-0.227559976700248	0.142813811596646	0.0160621059575021	0.276345204221169
Hoylesella buccalis	-0.155675799002007	0.115639295985568	0.163957873256376	0.085486257814881	-0.18199310731938	0.0438135614143125	-0.548237502274264	0.12549159242858	-0.309826478829265	0.3447058656029	0.115639295985568	0.200999144936725
Paenibacillus sp. FSL H8-0282	-0.348964009276159	0.312434472969207	-0.077030293792518	0.245743098470534	-0.231180973619775	0.0565010988320047	-0.482495401900682	0.174284134488389	-0.231180973619775	0.461966206940169	0.245743098470534	-0.12582045796195
Segatella hominis	-0.15975422776109	0.133232896920384	0.179752912555277	0.0844427327509516	-0.15975422776109	-0.00256864423867764	-0.608704447808993	0.148981253888524	-0.346340183341503	0.372124805202733	0.148981253888524	0.209605875704958
Anaeromicropila herbilytica	-0.116735765414603	0.0839349300475476	-0.36805019369551	-0.36805019369551	-0.704522430316722	0.576411415145342	0.519253001305394	-0.704522430316722	1.26955859570529	0.0839349300475476	0.250989014710713	-0.522200873522769
Anaerotignum propionicum	0.573769869151366	0.286087796699585	-0.589380940654314	-0.407059383860361	-0.589380940654314	0.796913420465575	0.845703584635007	-0.589380940654314	0.634394490967802	-0.252908704033102	0.103766239905632	-0.812524491968524
Roseburia hominis	-0.0475162913651861	0.172027975919376	-0.611633212181401	-0.530781115552306	-0.643721526732901	0.881862075264337	0.843303081660654	-0.550389586940682	0.737123229619425	-0.0841057387974784	0.237167278090338	-0.403336168984185
Novisyntrophococcus fermenticellae	-0.0581788575688851	0.124142699225069	-0.75132603812883	-0.463643965677051	-0.569004481334876	0.803303637810274	0.817289879785014	-0.368333785872725	0.922650395442841	-0.0920804092445664	0.204185406898605	-0.569004481334876
Clostridioides difficile	0.0374057483408317	0.233038649773026	-0.767262706651521	-0.108404599570207	-0.396086672021989	0.660302986223774	0.755368098020502	-0.756089406053396	0.413981846596859	0.0222155828468571	0.177822927170579	-0.272292454675324
Roseburia rectibacter	0.319502391868414	0.0783403350515259	-0.561697020194471	-0.463256947381218	-0.633155984176616	0.99098807564718	0.968846949769967	-0.495005645695798	0.743835984280961	-0.31807493753672	0.00283278254338093	-0.633155984176616
Kineothrix sp. IPX-CK	0.0587174811073536	-0.1939848724484	-0.663988501694136	-0.644185874397956	-0.356503801946175	0.467413609796965	0.81761603923008	0.32182829282863	0.976948077799335	-0.219302680432691	0.427934798823177	-0.992492568666172
Bacteroides zhangwenhongii	-0.16791095540366	0.0794972179101805	0.433428675903162	0.277674146493929	0.158485629228811	-0.339761212330319	-0.776975018753063	-0.00626960384724384	-0.404299733467891	0.404158293603049	0.158485629228811	0.183486931434229
Streptomyces sp. NBC_01775	0.0518624673243302	0.223712724250989	-0.322830982117081	-0.235819605127451	-0.523501677579231	0.323796182807971	-0.523501677579231	0.223712724250989	0.0518624673243302	0.53737028310603	0.275006018638539	-0.0816689253001925
Blautia coccoides	-0.179967246453297	-0.00327950737759863	-0.683330149017698	-0.506600405489522	-0.466900535642837	0.91188064212627	0.772947918448508	-0.337870275899106	0.88202767897659	-0.0475600810410555	0.206593707015715	-0.547941745645963
Pseudoprevotella muciniphila	-0.189349133467296	0.0570512800111809	0.254582255468664	0.0454904576101054	-0.0521480119538111	-0.132190719627348	-0.517036540532776	0.0909528316868622	-0.297982974470091	0.336075289719847	0.112931738405638	0.291623527149014
Duncaniella freteri	-0.0440718477541182	-0.111894444092879	0.53869312204827	0.123455012900834	-0.120705073775034	-0.134068301587202	-0.654657427621044	0.137224593624591	-0.281143919319481	0.241045463096825	0.0213627881461012	0.28476003433313
Lawsonibacter asaccharolyticus	0.15496084557136	0.389912416641786	-0.786524229875545	-0.786524229875545	-0.53338248267594	0.934918740935051	1.24010673090045	-0.474450704299604	0.487757452049299	-0.163693547733059	0.493494702439442	-0.956575694077685
uncultured Caproiciproducens sp.	-0.105508049250423	0.262216730874893	-0.510973157358588	-0.693294714152541	-0.510973157358588	0.788309826771673	0.955363911434839	-0.356822477531329	0.788309826771673	-0.105508049250423	-0.000147533592596005	-0.510973157358588
Clostridium sp. SY8519	0.0412097282003234	0.0130388512336275	-0.597870231089346	-0.709095866199569	-0.497786772532364	0.957500460074479	0.923598908398797	-0.497786772532364	0.67719849492032	-0.0765733074560595	0.264353279514533	-0.497786772532364
Kineothrix sp. MB12-C1	-0.0805263263271243	0.0420759957652077	-0.677046671197998	-0.75928476943497	-0.271581563089834	0.481157714672357	0.760540984309444	0.339327519233139	1.10146757128004	-0.254189820377965	0.300487685916876	-0.98242832074918
Pseudomonas putida	0.140179191299387	0.0734878168007143	-0.0749321883175593	-0.654750683570501	-0.202765559827444	0.577392997722131	0.512854476584559	-0.34936903401932	0.202699548280719	-0.0749321883175593	-0.0749321883175593	-0.0749321883175593
Qiania dongpingensis	-0.0251374805158777	0.12389809864461	-0.5847532684513	-0.439571258606803	-0.466970232794917	0.649991194541389	0.777824566051274	-0.495141109761613	0.685709277143468	-0.0251374805158777	0.212190705790288	-0.412903011524642
Elizabethkingia anophelis	-0.198863091312285	0.119590639806249	-0.0810800556559013	-0.0810800556559013	-0.332394483936808	0.0242804600019255	-0.486545163764067	0.0242804600019255	0.49428408924766	0.286644724469415	0.206602016795879	0.0242804600019255
Staphylococcus aureus	-0.536430099730739	0.107926916659775	-0.362076712585961	1.65548942537579	-0.32285599943268	-0.362076712585961	-0.362076712585961	0.00256640100194794	-0.213656707467687	0.310867760656465	0.331070467973984	-0.248748027278958
Duncaniella sp. B8	0.287307647237514	-0.179741446839335	0.400880921025619	0.232402936862747	0.0427025591507895	-0.368200681822497	-0.466258696794822	0.16351342989085	-0.304817181026185	0.0517586990658168	-0.230390855816239	0.37084266906574
Providencia rettgeri	-0.608597309588999	0.218081263595469	0.0104418988172235	0.153542742457898	0.084549870970946	0.335864299251853	0.153542742457898	-0.357282881308093	-0.608597309588999	0.218081263595469	0.0104418988172235	0.389931520522127
Barnesiella sp. An22	-0.184209314212105	0.00710780549042678	0.410913162180227	0.171863038566483	0.0697789124532031	-0.354554679959344	-0.577698231273554	0.0170088764731382	-0.298984828804533	0.291051555831601	0.119903299635771	0.32782040361869
Shigella flexneri	-0.833462805245258	0.234377824756098	0.597283318445466	0.406228081682757	0.552831555874633	-1.43959860881557	-0.928772985049582	-0.140315624685313	-0.458769355803847	0.529842037649934	0.552831555874633	0.927525005316044
Emergencia timonensis	0.173379293789733	0.0992713216360102	-0.673918566597472	-0.519767886770213	-0.38623649414569	0.901617794160948	0.712375794522419	-0.519767886770213	0.306910686414255	-0.0677827630271555	0.242372165276684	-0.268453458489306
Aeromonas veronii	-0.162544886920969	0.105719099673712	-0.162544886920969	-0.424909151388459	-0.424909151388459	0.530602293638976	0.317028193340917	0.105719099673712	0.0450944778572762	-0.0194440432802949	0.0450944778572762	0.0450944778572762
Thermocaproicibacter melissae	0.160976667260595	0.229969538747547	-0.175495569360617	-0.686321193126609	-0.53217051329935	0.566441775368759	0.923116719307492	-0.398639120674828	0.517651611199327	-0.0801853895562932	0.160976667260595	-0.686321193126609
Sodaliphilus pleomorphus	-0.196560697841297	-0.0195348286220529	0.421665612538859	0.158352131104036	0.0180962395955939	-0.258286277602254	-0.547217569454467	0.0543624175799877	-0.31610584849108	0.279148454891701	0.0946363167179278	0.311444049583052
Vescimonas coprocola	-0.121512392289734	0.676995303928038	-0.819113923199059	-0.855481567369934	-0.567799494918154	1.0877795735138	1.31357213299959	-0.610359109336949	0.573854545008524	-0.259498135263637	0.348491236956002	-0.766928170028489
Enterocloster asparagiformis	0.0773751257052808	0.218075007808417	-0.667444065398985	-0.608603565376051	-0.475072172751529	0.983542849947987	0.932861363471843	-0.450379560161157	0.494759326050656	-0.0368172418203736	0.199146997922898	-0.667444065398985
Bacteroides faecis	-0.104733818433605	0.101758099288163	0.407924986414046	0.187524921045587	-0.104733818433605	-0.18096118382149	-0.621694430767112	0.0637307036989228	-0.231733509194913	0.285322664321714	-0.0169582075512196	0.214553593433507
Bacteroides caccae	-0.0798523465002328	0.337308801371123	0.429796114092743	0.333425301344725	0.112225385239086	-0.479452335155999	-0.821201628878056	0.0726162471440404	-0.259823725949234	0.390151282745503	0.0624638756800229	-0.0976569711337394
Prevotella jejuni	-0.165816145188682	0.149264901451214	0.201908634936635	0.0348545502734687	-0.129448501017807	-0.0604556295308551	-0.517214032026571	0.121865927263099	-0.283599180845066	0.299547104500552	0.121865927263099	0.227226442920926
Anaerobutyricum hallii	-0.06078390591518	0.061818416177152	-0.510700776594178	-0.423689399604548	-0.510700776594178	0.728990110333837	0.823103401904316	-0.631328764382793	0.817097377844104	-0.0901977911214731	0.159456885741069	-0.363064777788114
Achromobacter sp. AONIH1	-0.0249838790032921	-0.130344394661119	0.505644372058878	-0.0249838790032921	0.0703263008010317	-0.0249838790032921	0.0703263008010317	-0.0249838790032921	-0.130344394661119	-0.130344394661119	-0.0249838790032921	-0.130344394661119
Mucispirillum schaedleri	-0.288001540725272	1.90533953658455	-1.27661293417905	-2.66290729529894	0	0.234384905441794	0.206411053399388	0.927532086001739	0.274930999836144	0.177632088849345	1.55476048295515	-1.05346938286484
Anaerocolumna sp. AGMB13025	0.0731089595422993	0.0286571969714657	-0.497435898925314	-0.57747860659885	-0.66448998358848	0.675284361896519	0.829435041723777	-0.423327926771591	0.766256140102245	0.0286571969714657	0.338812125275306	-0.57747860659885
Anaerocolumna sp. AGMB13020	0.0678901774074188	-0.0433354577028044	-0.391642151971022	-0.679324224422801	-0.679324224422801	0.706970136697088	0.861120816524347	-0.391642151971022	0.90764083215924	-0.0433354577028044	0.258945414170128	-0.573963708764975
Variovorax paradoxus	-0.0998341193027503	0.0543165605245068	0.00552639635507468	-0.0998341193027503	-0.282155676096705	0.228669947669285	0.18784795314903	-0.0998341193027503	-0.0998341193027503	0.145288338730234	0.0543165605245068	0.00552639635507468
Escherichia coli	0.421194918656324	-0.39527547793562	-0.0859542303803575	0.127972665828928	0.239977724205422	-0.370582865345249	-0.61841902924983	-0.358461504812904	-0.244702619456246	0.846715393577837	0.629869658850617	-0.19233463393893
Faecalibacterium sp. I4-1-79	-0.0144992827012072	0.221889495363023	-0.525324906467198	-0.643107942123581	-0.419964390809371	0.832798577685996	0.941012162326229	-0.419964390809371	0.496326341064783	-0.0144992827012072	0.321972953920005	-0.776639334748104
Paraprevotella xylaniphila	-0.260002763438467	0.0708514808785221	0.27407972249179	0.202620758509646	-0.0486936697712608	-0.221536482610671	-0.608309457706683	0.084837722853262	-0.385165906392474	0.393139082507779	0.190198238511089	0.307981274167472
Bradyrhizobium diazoefficiens	-0.255204665529986	0.0896358207617425	0.0470762063429468	-0.198046251690037	-0.255204665529986	0.0896358207617425	0.0470762063429468	0.00262444377211324	-0.0438955718627803	0.207418856418126	0.312779372075953	-0.0438955718627803
uncultured Draconibacterium sp.	-0.13732107840165	-0.0260954432914255	0.186465998692247	-0.000119956888164907	-0.000119956888164907	-0.0801626645617013	-0.331477092842607	0.0975185126757516	-0.262484221355655	0.228138695092816	0.0975185126757516	0.228138695092816
Alistipes communis	0.0934568279003702	0.257913171136455	0.59785373725711	0.359834302492372	0.542371167716484	-0.731055940081828	-0.489619195720293	-0.646290673454118	-0.806940637606701	0.49948389162883	0.550945711141066	-0.227952362409747
Christensenella massiliensis	0.261443971281809	0.20428555744186	-0.549486244934521	-0.431703209278137	-0.431703209278137	0.629168751407125	0.83680811618537	-0.431703209278137	0.20428555744186	-0.0639784291528205	0.20428555744186	-0.431703209278137
Bacteroides sp. PHL 2737	-0.0722099333099031	0.126241005413935	-0.25942147539805	0	0	0	0	0	0	0.0208804897561086	0.184509913537911	0
Enterococcus faecalis	-0.10382134739773	0.316032498162534	-0.466726841087098	-0.43259383471764	-0.367635938442867	0.60133077925904	0.567346926443441	-0.531265362224669	0.69902475041864	0.208906756980139	-0.00281813710885892	-0.48778025028493
Blautia liquoris	-0.11765792371258	0.0936511699546259	-0.753646690432577	-0.64828617477475	-0.64828617477475	0.786798350514572	0.855791222001523	-0.311813938153538	1.1762631172763	-0.0604995098726313	0.0936511699546259	-0.465964617980797
Ruminococcus bicirculans (ex Wegman et al. 2014)	0.155029279646037	-0.116904435837604	-0.250435828462127	0.20154929528093	0.0549458210890545	0.442711352097819	0.368603379944096	-0.586908065083339	-0.0562798140211687	-0.116904435837604	0.155029279646037	-0.250435828462127
Bacteroides xylanisolvens	-0.0592626795251645	0.177356407153626	0.398079068473457	0.277522105934348	0.0346540492723602	-0.314649157285595	-0.78126868854709	0.107623069138951	-0.251700882971359	0.277522105934348	-0.00807880031360853	0.14220340273573
Phocaeicola vulgatus	0.135467510920286	-0.10080721604893	0.294859229010531	0.103304808211345	0.126876392787969	-0.407815322993087	-0.536519337159181	0.286067963599361	-0.094327711737944	0.0319112785495248	-0.109512385276261	0.270494790136391
uncultured Carboxylicivirga sp.	-0.260187710620231	-0.0370441593060207	0.250637913145759	0.145277397487934	-0.0370441593060207	-0.0370441593060207	-0.547869783072011	0.0881189836479859	-0.260187710620231	0.299428077315191	0.145277397487934	0.250637913145759
Chryseobacterium indologenes	-0.495560088355054	0.0152655354109363	0.0798040565485074	0.140428678364943	-0.127835308229738	-0.127835308229738	-0.390199572697227	0.0798040565485074	0.0798040565485074	0.302947607862716	0.140428678364943	0.302947607862716
Eubacterium maltosivorans	0.0571069806322893	0.219625910130063	-0.696664821744092	-0.473521270429881	-0.378211090625557	1.00808327049433	1.00808327049433	-0.473521270429881	0.401947466924018	-0.291199713635928	-0.00351764118414621	-0.378211090625557
Bacteroides thetaiotaomicron	-0.122384150123915	0.249028815238334	0.335538058147616	0.230791227688552	0.0198429494681607	-0.257788787130118	-0.711919067219564	0.0606649439884164	-0.298610781650374	0.341047713958585	0.0786834494910948	0.0751056281432101
Turicibacter faecis	1.98712423380561	-0.974706488072702	2.41531759299133	1.80824502120263	1.22251808926352	-2.76646595730076	-1.38017159618087	-2.76646595730076	0	-2.07331877674081	2.20334734227524	0.32457649605756
Pseudomonas fluorescens	-0.164076685221351	0.0770853715955369	-0.164076685221351	-0.164076685221351	-0.482530416339886	0.433760315534268	0.529070495338594	0.0029773994418143	0.0029773994418143	-0.0770653082317221	0.0029773994418143	0.0029773994418143
uncultured Mailhella sp.	-0.555644571443331	0.425184681568396	-0.267962498991549	-0.267962498991549	-0.267962498991549	0.697118397052037	0.83064978967656	-0.555644571443331	0.137502609116614	-0.0448189476773386	0.137502609116614	-0.267962498991549
Anaerostipes hadrus	-0.173382333848007	0.102871042780151	-0.491836064966542	-0.268692513652333	-0.556374586104113	0.760926903528826	0.49677532848724	-0.625367457591064	0.778626480628227	0.0314120787980059	0.319094151249787	-0.374053029310158
Faecalibacterium sp. i21-0019-B1	0.254365648479526	0.290733292650401	-0.643575944726432	-0.643575944726432	-0.643575944726432	0.890354415199523	0.696198400758566	-0.556564567736803	0.484889307091358	0.136582612823142	0.136582612823142	-0.402413887909544
Hymenobacter oligotrophus	-0.237269499419673	0.0728854288841667	0.409357665505379	0.0728854288841667	0.0728854288841667	-0.332579679223997	-0.437940194881824	0.00389255739721506	-0.437940194881824	0.360567501335947	0.198048571838173	0.255206985678122
Lachnoclostridium phocaeense	0.0377351004962092	-0.0428453861631297	-0.563038759932721	-0.505880346092773	-0.462395234153034	0.832040430742903	0.910512046184397	-0.563038759932721	0.54726956849858	-0.0152574296443015	0.225418600431549	-0.400519830434946
Selenomonas ruminantium	-0.261704727396273	0.277291773336414	-0.415855407223532	-0.261704727396273	-0.261704727396273	0.927879339477563	0.736824102714854	-0.598176964017485	0.190280396346784	-0.261704727396273	0.190280396346784	-0.261704727396273
Wansuia hejianensis	-0.0416745244317491	0.0986828332631742	-0.643254511466203	-0.361842052028018	-0.668572319450494	0.602339967550551	0.671812340365319	-0.380890246998713	0.595119719577065	0.110517290910177	0.565705834370772	-0.547944331661879
Anaerostipes rhamnosivorans	0.337967399420675	-0.00497735170615599	-0.611113155276472	-0.698124532266101	-0.456962475449213	0.795800493046155	1.03111457998062	-0.698124532266101	0.592859649049465	-0.100287531510482	0.199817060939857	-0.387969603962262
Bacteroides cellulosilyticus	-0.057322671637337	0.0146508279877517	0.291861600572237	0.120011343645579	-0.057322671637337	-0.0723605490018775	-0.548443224323996	0.0146508279877517	-0.349992285600157	0.322952187642269	0.0946935356612881	0.226621078703836
Bacteroides fragilis	-0.142028935816611	0.0636553941258304	0.0830358456754929	0.00107190782406263	-0.209134852459427	0.0714527045858624	-0.563242400892914	0.179915200241693	-0.306246139144577	0.358163431648012	0.227543249230948	0.235814594981624
Bacillus amyloliquefaciens	0.632173854085952	0.420864760418747	0.478023174258695	0	-0.21512400630125	-0.21512400630125	0.0725580661505294	0.478023174258695	0.420864760418747	-0.802910671203369	-0.802910671203369	-0.466438434582157
Delftia tsuruhatensis	-0.430105587905761	0.164601519840932	0.231292894339605	-0.0672000942163926	0.231292894339605	-0.258255330979102	0.0931425558587868	-0.206962036591552	-0.563636980530283	0.323666214470619	0.129510200029662	0.352653751343872
Muribaculum gordoncarteri	0.292859696290353	-0.0503825986507895	-0.272579699318279	0.0807364513777715	0.187723825340133	-0.367725981160426	-0.434991196866516	0.439264817776603	0.115548712499827	-0.162029656609914	-0.18373186045131	0.355307489772546
Eggerthella lenta	0.0725063219286692	0.129664735768618	-0.121649692512289	-0.275800372339548	-0.362811749329177	0.458168802740653	0.673280182357599	-0.458121929133501	0.0725063219286692	-0.121649692512289	0.129664735768618	-0.195757664666012
Adlercreutzia hattorii	-0.107591665069311	0.323191251023143	0.16067232152537	-0.274645749732477	-0.107591665069311	0.418501430827469	0.7614461819543	-0.475316445194627	-0.187634372742847	-0.107591665069311	-0.0334836929155884	-0.3699559295368
Prevotella histicola	-0.178062204710258	0.087640961022748	0.0537394093470667	0.0537394093470667	-0.135502590291463	0.0186480895357963	-0.605506219537197	0.152179482160319	-0.269033982915985	0.4000156460649	0.152179482160319	0.269962517816702
Prevotella sp. E2-28	-0.237319963594006	0.101453770015486	0.157334228409943	0.135355321691168	-0.0739949074907065	-0.130347844041838	-0.535812952150002	0.157334228409943	-0.286916904733378	0.326893533590047	0.135355321691168	0.250666168202162
Stutzerimonas stutzeri	-0.446586797739398	0.246560382820547	0.0642388260265925	-0.00475404546035918	-0.0788620176140817	0.189401968980599	0.246560382820547	-0.245916102277247	-0.158904725287618	0.0642388260265925	-0.00475404546035918	0.128777347164164
Agathobacter rectalis	-0.132963210066396	0.240413583490269	-0.382775008462766	-0.48214748227597	-0.661488410931787	0.947949501502314	0.621427595734269	-0.836692499956878	0.702231628149565	0.0580920266963139	0.350112500746693	-0.424160224625621
Prevotella veroralis	-0.131865443767438	0.189718180360024	-0.0334253709541859	-0.00265371228743305	-0.280285448885712	0.0843576647021971	-0.45463883603049	0.214410792950395	-0.321107443405968	0.432664358970413	0.138424885972473	0.164400372375733
Aminipila luticellarii	-0.0366130844012531	0.613974481739897	-0.57560958513394	-0.57560958513394	-0.729760264961199	0.656534096158692	0.613974481739897	-0.324295156853033	0.569522719169063	0.474212539364737	0.0434296232722833	-0.729760264961199
Caproicibacterium sp. BJN0003	0.0261287306101252	0.362600967231337	-0.66701844994982	-0.484696893155867	-0.66701844994982	0.768066075339501	1.15753084210123	-0.484696893155867	0.613915395512244	-0.0792317850477016	0.121438910414449	-0.66701844994982
Segatella bryantii	-0.00413260242944524	0.129398790195077	-0.104216060986428	-0.0529227665988774	-0.276066317913086	0.352542341509288	-0.409597710537609	0.209441497868614	-0.409597710537609	0.352542341509288	0.0423874132054483	0.170220784715333
Caproicibacter fermentans	-0.0408555233587453	0.552208198644218	-0.687482688283797	-0.888153383745948	-0.520428603620632	0.884913952469955	1.16311728096719	-0.446320631466909	0.675822154611395	-0.252164617025951	0.00566449227614818	-0.446320631466909
Bacillus velezensis	-0.0653870686216944	-0.227905998119468	-0.0165969044522623	0.11693448817226	-0.496169984714149	0.652452724528623	0.745543147594635	-0.422062012560426	0.0743748737534649	-0.227905998119468	-0.116680363009245	-0.0165969044522623
Bacteroides salyersiae	-0.110032185775331	0.086678108470724	0.331023867435537	0.172200281908886	0.022139587333152	-0.237371608151932	-0.571377752277952	0.0125701363170014	-0.327755669620201	0.32400629477689	0.0777094384879637	0.220209501095247
Lachnoanaerobaculum gingivalis	-0.0466575219418939	0.127695865202885	-0.606273309877317	-0.318591237425535	-0.606273309877317	1.03595442537978	0.492338978790793	-0.606273309877317	0.492338978790793	0.0443142562638332	0.310017421996839	-0.318591237425535
Chitinophaga pollutisoli	-0.140560594636126	-0.0352000789782991	0.301272157642913	-0.0352000789782991	-0.0352000789782991	-0.140560594636126	-0.391875022917032	0.147121477815654	-0.25834363029251	0.301272157642913	0.0601101008260247	0.22716418548919
Blautia massiliensis (ex Durand et al. 2017)	0	0	0	0	-0.177188639883796	0.725900580131823	-0.0710087878425671	0	0	0	0	-0.477703152405462
uncultured Alistipes sp.	0.132815214837724	0.280981014980684	0.614219619034832	0.349220306929336	0.572363858243546	-0.758004158188117	-0.519411695932859	-0.644889353750284	-0.84338376978984	0.509196428392855	0.580771684967292	-0.27387914972517
Faecalibacterium sp. I2-3-92	-0.242895249248418	0.504319152581802	-0.830681914150537	-0.648360357356584	-0.494209677529325	1.11522823490478	1.27345224011967	-0.648360357356584	0.817976711436843	-0.242895249248418	0.0447868232033617	-0.648360357356584
Parabacteroides merdae	-0.22797630289968	0.039086482349366	0.3575402134679	0.142883276031009	0.0545906688853313	-0.248595590102415	-0.482210441283921	-0.00892273683699507	-0.358596485316744	0.311020197833008	0.184268492193864	0.236912225679285
Enterobacter hormaechei	0.1947827388259	-0.309773271926495	0.0311533150440972	-0.0866297206122857	-0.279001613259743	0.249842516008927	0.335364689447089	-0.164591262081998	-0.0619371080219144	0.156316457998104	0.213474871838052	-0.279001613259743
Alistipes senegalensis	0.213151310442954	0.340923424333903	0.678550173301941	0.406135572980949	0.676625244892357	-0.826008108311683	-0.651654721166905	-0.731091551814941	-0.911839544161465	0.528397899441378	0.65913208744484	-0.382321787383321
Prevotella scopos	-0.282220911375935	0.123244196732228	0.203286904405765	0.164066191252484	-0.282220911375935	0.123244196732228	-0.656914360817346	0.164066191252484	-0.282220911375935	0.441697927850763	0.203286904405765	0.0806845823134328
Bacteroides sp. DH3716P	-0.0573144959844347	0.280163271138797	0.471655379904959	0.343444721086317	0.0988462347708481	-0.535804739107489	-0.73647543456964	0.0107389672605809	-0.259551362479331	0.343444721086317	0.00413828322922871	0.0367144536638415
Faecalibacterium sp. IP-1-18	-0.0327354457095659	0.497892805352604	-0.725882626269511	-0.949026177583722	-0.389410389648299	0.660411734850378	1.19103998591255	-0.255878997023776	0.755721914654703	-0.0327354457095659	0.229628818757924	-0.949026177583722
Butyricimonas faecihominis	-0.124878662029556	-0.124878662029556	0.471808252342827	0.136601038028201	-0.113449966205933	-0.124878662029556	-0.530343770137721	0.063173569473383	-0.260053440397809	0.237526956618161	0.00433306945044976	0.365040276917121
Collinsella aerofaciens	0.0888661872140108	0.200091822324234	-0.346451884043836	-0.547122579505986	-0.346451884043836	0.65685022481995	0.752160404624274	-0.346451884043836	0.0888661872140108	-0.105289827226947	0.251385116711784	-0.346451884043836
Roseburia sp. 831b	-0.2423339913258	0.178879473750504	-0.612707779622694	-0.396484671153059	-0.546016405124021	1.13799020280759	0.604963869061404	-0.721907071587687	0.815786935987573	-0.12985600789911	0.0630476582253818	-0.151362213120073
Desulfovibrio piger	-0.173490366655885	0.162981869965327	-0.0781801868515615	-0.173490366655885	-0.0781801868515615	0.414296298246233	0.468363519516508	-0.396633917970096	-0.0781801868515615	-0.0781801868515615	0.0888738978116042	-0.0781801868515615
Maliibacterium massiliense	0.256682362635623	0.256682362635623	-0.58164682776882	-0.58164682776882	-0.463863792112436	0.740109012213499	0.894259692040758	-0.463863792112436	0.359336516695707	-0.0961390119871197	0.201112511480813	-0.521022205952384
Mediterraneibacter gnavus	0.184612724537558	0.0628078506533543	-0.705643712970722	-0.550695266846666	-0.387697982879113	0.800294149458472	0.960269574374601	-0.481383466956437	0.695896958722042	-0.106132137444769	0.16842740011654	-0.640756090764847
Homo sapiens	-0.437854441011254	0.0238884712271155	-0.229073132520928	1.6650750819758	-0.0791705474424313	-0.452587672524237	-0.421534949182653	-0.128919025053675	-0.0514609660146714	0.249793183982653	0.158427420611938	-0.296583424047657
Hungatella hathewayi	0.0244136774197026	0.0150239370698628	-0.678123243490083	-0.605363889207654	-0.443722537651237	0.858946836440541	0.950006801956171	-0.357955715893813	0.726863250641961	-0.058358608864161	0.130708336069326	-0.56243884449062
Tannerella serpentiformis	-0.259296225885341	-0.00207336091826882	0.364858083187653	0.168147788941599	0.105346887702568	-0.402397069526014	-0.516341328875233	0.038336177419608	-0.314104462380336	0.28302806494002	0.176805851684713	0.35768959370904
Chitinophaga horti	0.0264072402678952	-0.060604136721734	0.106449947941432	0.0264072402678952	0.0264072402678952	-0.155914316526058	-0.261274832183885	0.106449947941432	-0.261274832183885	0.106449947941432	0.0264072402678952	0.314089312719677
Lachnoclostridium phytofermentans	0.253955967836673	-0.125533653868231	-0.125533653868231	-0.744572862274454	-0.744572862274454	0.676812818656707	1.29850103523451	-0.744572862274454	0.775252891469959	0.0821057109100138	0.142730332726449	-0.744572862274454
Enterococcus faecium	-0.46073706266641	0.451772946367839	-0.113540862682221	-0.0243097289542789	-0.0743201495289405	0.70476946083173	0.0687806941117328	-0.646839342300271	0.193943837065739	-0.256641706322895	-0.182533734169173	0.339655648247133
Lacrimispora sp. BS-2	-0.0779455950662857	0.145197956247924	-0.710468153809796	-0.547949224312022	-0.452639044507697	0.718998379175303	0.704813744183347	-0.247844631861684	0.675826207310094	-0.0173209732498512	0.21751861782755	-0.408187281936863
[Clostridium] hylemonae	0.0298179370070963	0.146077743122959	-0.597079858011648	-0.522971885857926	-0.597079858011648	0.75663833267363	0.833108696665468	-0.453979014370975	0.622160418445077	-0.055948884750328	0.293235387459246	-0.453979014370975
Prevotella sp. Rep29	-0.164249813128767	0.16158402528739	0.00564922366663101	-0.04564407072092	-0.249243025962159	0.095261382356318	-0.474404741432607	0.198333567496132	-0.273734045970455	0.423536851773352	0.17749948059329	0.145411166041789
Bacteroides eggerthii	-0.176447785547161	0.115688637254	0.148478460076991	0.0678979734176517	-0.15874820844776	0.0103281215961735	-0.525498804375235	0.12893386400402	-0.309979178171684	0.336161960012331	0.122333179972668	0.240851780208006
Dorea longicatena	-0.0914522263769824	0.131691324937227	-0.496917334485146	-0.496917334485146	-0.539476948903943	0.70705546984079	0.694476687633929	-0.456095339964891	0.668834257020592	-0.0373850051067066	0.295320748719029	-0.379134298828763
Roseburia intestinalis	-0.178365331112979	0.160610035726352	-0.575096759252389	-0.516007842882383	-0.695056074331368	0.878449828876668	0.691238286788523	-0.491715150313338	0.859987766036934	-0.0889202707610526	0.377064598889765	-0.422189087664727
Lachnospira eligens	-0.00322745872392183	-0.052017622893354	-0.562843246659344	-0.482800538985808	-0.562843246659344	0.922542017104778	0.535769042008766	-0.482800538985808	1.01269311409907	-0.052017622893354	0.210346641574137	-0.482800538985808
Salmonella enterica	0.14904892700165	-0.151705227017484	-0.151705227017484	0.024751210324073	-0.366115098362939	-0.0838826306787226	0.327032082197007	-0.00510175282560787	-0.187423309619563	0.187270139821848	0.00993612453893267	0.247894761638283
Parabacteroides distasonis	-0.137113530794174	0.0289977134927248	0.237771324523981	0.144038846861275	-0.0478076977310211	-0.108432319547456	-0.547952932068116	0.0918324493818234	-0.336423913174599	0.309847158094061	0.125368526240742	0.239874374720761
Pontibacter kalidii	-0.38107076826161	-0.0133459881362938	0.254917998458387	0.254917998458387	0.12975485550438	-0.38107076826161	-0.498853803917994	-0.0133459881362938	-0.275710252603783	0.312076412298335	0.194293376641951	0.41743692795616
uncultured Macellibacteroides sp.	-0.0710026824964078	-0.0138442686564595	0.353880511468857	0.0915162470013655	-0.131627304312843	-0.0710026824964078	-0.506320753754254	0.140306411170798	-0.196165825450414	0.186826426805691	-0.0138442686564595	0.231278189376525
Segatella copri	-0.209201243082829	0.0932959151540933	0.191276323514296	0.0747425072583452	-0.109828769269625	-0.0571850357842028	-0.515293877377789	0.129400919796209	-0.342022156103752	0.351125024456193	0.150454328994042	0.243236062445008
Paramuribaculum intestinale	-0.0889098388663658	-0.537284850385323	1.16926342235725	0.43608421204212	1.0105970757161	-0.734491416075918	-0.902144203567544	-0.357468932587073	-0.728656242699195	0.556108638802453	0.280495390953481	-0.103593255689984
Bacteroides sp. A1C1	-0.0798854125982107	-0.0798854125982107	0.299604209106693	0.350897503494243	-0.0798854125982107	-0.0798854125982107	-0.447610192723527	0.127753952180035	-0.447610192723527	0.127753952180035	0.0632154310424635	0.245536987836418
[Ruminococcus] torques	0.0102111067181578	0.0994422404461002	-0.500614517047834	-0.500614517047834	-0.618397552704216	0.736148110101094	0.755318026208814	-0.478635610329058	0.755318026208814	0.0102111067181578	0.277690471852419	-0.54607689112459
Wujia chipingensis	0.113188002554175	0.157639765125008	-0.492947801016141	-0.675269357810095	-0.579959178005771	0.992437462747981	0.828808038966178	-0.675269357810095	0.577493610685273	-0.0334154716377011	0.200199379543804	-0.412905093342605
Ligilactobacillus ruminis	-0.492839094391178	0.405102498814781	-0.405827717401548	-0.492839094391178	-0.251677037574289	1.04109126553478	0.386410365802629	-0.288044681745165	0.590505722146144	-0.0575210231333321	-0.0285334862600797	-0.405827717401548
Coprobacter secundus	-0.167277492573087	-0.000223407909921036	0.455252120772905	0.0738845642438015	0.0375169200729264	-0.313880966764962	-0.485731223691621	0.0738845642438015	-0.367948188035237	0.268040578684759	0.0738845642438015	0.352597966712822
Aeromonas caviae	-0.263169749086037	0.369352809657473	-0.100650819588264	-0.263169749086037	-0.323794370902473	0.45896496834716	0.487135845313856	-0.206011335246089	-0.0518606554188317	0.161713444879227	-0.00534063978393817	-0.263169749086037
Monoglobus pectinilyticus	0.12449401480816	0.21150539179779	-0.481641788762156	-0.663963345556109	-0.481641788762156	0.72233101556378	0.616970499905955	-0.193959716310374	0.291548099471326	-0.0761766806539903	0.12449401480816	-0.193959716310374
Bacteroides stercoris	-0.193284074006964	0.0448722696964303	0.247948257959831	0.0901874659084729	-0.0451538819612889	-0.136125660167016	-0.529756310628177	0.0774484401310431	-0.308968473006427	0.330897340940582	0.121342633688268	0.300591991445253
Stenotrophomonas acidaminiphila	-0.481898594306941	0.0289270294590516	0.211248586253005	0.124237209263375	0.211248586253005	0.0289270294590516	0.0289270294590516	-0.664220151100894	-0.194216521855159	0.124237209263375	0.291291293926541	0.291291293926541
Aristaeella lactis	-0.121888226738163	0.252805222703248	-0.379717336040262	-0.504880478994268	-0.268491700930038	0.63721692161358	0.812421010638671	-0.379717336040262	0.188266701565677	-0.121888226738163	0.154365149889996	-0.268491700930038
Faecalibacterium taiwanense	0.0438258907736975	0.293637689170068	-0.558937228317979	-0.622653042704087	-0.389038191522582	0.799186255835215	0.960116622647853	-0.763731640963992	0.475959245964023	-0.0189124498597266	0.403199891681594	-0.622653042704087
Anaeropeptidivorans aminofermentans	0.0346038880679558	-0.322071055870778	-0.322071055870778	-0.322071055870778	-0.476221735698036	0.504607517313691	0.565232139130126	-0.070756627589871	0.504607517313691	-0.070756627589871	0.296968152535445	-0.322071055870778
Bacteroides humanifaecis	-0.207417772865522	-0.0896347372091384	0.603512443350806	0.0645159426181188	0.111035958253012	-0.415057137643768	-0.582111222306933	0.155487720823846	-0.271956294003093	0.278090042916178	0.155487720823846	0.198047335242642
Blautia obeum	-0.0663770082469632	0.189147952570287	-0.629162370943665	-0.503999227989659	-0.629162370943665	0.805922154345658	0.620420944634324	-0.44684081414971	0.934813167413679	-0.118336747177674	0.309107267649265	-0.465532947161862
Caproicibacterium argilliputei	-0.00470185406474322	0.331770382556471	-0.515527477830734	-0.602538854820363	-0.435484770157197	0.783755506299528	1.07710331628699	-0.515527477830734	0.366861702367741	-0.227845405378952	0.177619702729212	-0.435484770157197
Xanthomonas euvesicatoria	-0.159721882401495	0.459317326004728	0.269273723116863	0	-0.0261904897769725	0	0.602418169645401	-0.547487413410259	0	-0.0907290109145436	-0.233829854555218	-0.273050567708498
Enterocloster bolteae	-0.045412848771468	0.347258907876786	-0.56048476341891	-0.596589768061026	-0.522219225339956	0.760798151513214	1.10615096318217	-0.661128289198597	0.672840252919554	-0.00594770656250265	-0.0390770303223826	-0.45618864381687
Prevotella multiformis	-0.148365421729314	0.0862068254085191	0.130658587979353	0.0585552940780092	-0.136936725905691	-0.0191536902493077	-0.503399676210586	0.147900394413859	-0.337607421367842	0.362460202036677	0.121924908010598	0.23775672353572
Coprococcus comes	-0.136067817363633	-0.0450960391579063	0.532981811617252	-0.668284631110941	-0.911906713768691	0.532981811617252	0.524818500978091	-0.87800516209301	0.946544129958036	0.885583430168349	-0.0307073017058066	-0.752842019139004
Serratia marcescens	-0.257005106557411	0.122484515147493	-0.182897134403689	-0.049365741779166	-0.182897134403689	0.313539751910202	0.222567973704475	-0.257005106557411	0.0112588800372695	0.0684172938772178	0.122484515147493	0.0684172938772178
Blautia wexlerae	-0.117812793292871	0.200640937825663	-0.517612163865358	-0.534706597224659	-0.484275743597767	0.926311310091169	0.756708525704989	-0.468015222725986	0.667540581133808	-2.97576364882701e-05	0.141048840623418	-0.569797917035928
Prevotella sp. E13-17	-0.171589005791724	0.172373902558648	0.0107325510022314	0.0452187270734008	-0.318746650128011	0.0948156682127728	-0.535811155365838	0.194515028435861	-0.259557778737681	0.416197659110396	0.194515028435861	0.157336025194107
Hymenobacter volaticus	-0.298431419078538	0.107033689029626	0.330177240343836	0.187076396703162	0.187076396703162	-0.298431419078538	-0.58611349153032	0.0200223120399965	-0.431962811703061	0.261184368856885	0.261184368856885	0.261184368856885
Akkermansia muciniphila	-0.301062168985973	-0.257577057046234	1.2767704040328	0.403134847760558	0.744305605163325	-0.301062168985973	-0.279083262267197	-0.611217097289813	-0.156480940174865	-0.100391473523821	-0.0472816482098732	-0.370055040472923
Alistipes ihumii	-0.0979918668148416	0.166394643033417	0.48392967863488	0.298662611611168	0.333448727696584	-0.600083810612078	-0.536904908990546	-0.254337937205535	-0.600083810612078	0.399588530201129	0.358766535680873	0.0486116073770342
uncultured Acetobacteroides sp.	-0.176680690676699	0.0143745460860103	0.37538789162334	0.136976868178342	0.0569341605048059	-0.413069468740929	-0.348530947603358	0.0143745460860103	-0.287906325786922	0.211084840332065	0.136976868178342	0.280077711819017
Butyrivibrio proteoclasticus	0.189077865927244	-0.098604206524536	-0.591080691622331	-0.504069314632702	-0.504069314632702	0.748693653862667	0.942849668303625	-0.591080691622331	0.981315949131421	-0.155762620364484	0.26912057360078	-0.686390871426655
Proteiniphilum saccharofermentans	-0.152398911846179	-0.0390702265391756	0.478872864995679	0.1252328247521	0.155085787901782	-0.480902978818214	-0.538061392658163	0.0944611660853472	-0.23578052078523	0.21224420174173	0.0627124677707673	0.317604717399557
Taurinivorans muris	0.0135161425609169	0.48730049464656	-0.592619661009397	-0.649778074849346	-0.487259145351572	0.821073674298607	1.09171955959782	-0.487259145351572	0.448834213818763	-0.115695588919088	0.180570227224083	-0.710402696665781
Prevotella intermedia	-0.11316226924743	0.0396004853049803	0.186582675653626	0.0883906494744124	-0.132770740635806	0.0227933669885996	-0.513784752879806	0.134910665109306	-0.317074458633751	0.321012944743166	0.104139006442552	0.17936242768014
Phocaeicola dorei	-0.131064648071977	0.054652497723116	0.181807673208363	0.0961522286298688	-0.151683935274713	0.0375580643638154	-0.605158262569238	0.159165196458603	-0.285215327899235	0.333823880506988	0.128154959716042	0.181807673208363
Prevotella sp. oral taxon 299	-0.0696971500683023	0.0320855442416406	0.0320855442416406	0.0320855442416406	-0.266407444314357	0.0946059012229732	-0.511529902347341	0.181617278212603	-0.223847829895561	0.335767958039862	0.181617278212603	0.181617278212603
Faecalibacterium sp. IP-3-29	-0.240917488367197	0.624079949119407	-0.934064668927142	-0.934064668927142	-0.240917488367197	0.770683423311283	0.975477835957296	-0.37444888099172	0.570012727849132	-0.0177739370529864	0.512854314009184	-0.710921117612932
Anaerocolumna sp. MB42-C2	0.0418703720144542	-0.0152880418254941	-0.450606113083341	-0.651276808545491	-0.651276808545491	0.552695995780445	1.12179052767041	-0.283552028420175	0.958161103888608	-0.140451184779501	0.286992830047438	-0.769059844201875
Chordicoccus furentiruminis	0.0383690957415492	0.178131038116708	-0.605987920648965	-0.81729701431617	-0.472456528024442	0.892784423897616	0.871278218676653	-0.559467905014071	0.768330249424211	-0.0951622968829735	0.156152131397932	-0.354673492368058
Oscillibacter sp. PEA192	-0.369714506087782	0.695745575263428	-0.959677450412496	-0.940259364555395	-0.466656451280012	1.1605860857876	1.4602548534326	-0.635890373318599	0.853101386039635	-0.327154891668986	0.460355050339245	-0.930689913539244
Anaerotruncus colihominis	-0.259671597972731	0.777745129668459	-0.561146992556847	-0.721489642632027	-0.455786476899021	0.787407040580196	0.848031662396632	-0.316024534523862	0.391511383488183	-0.131290431324524	0.220553585344543	-0.579839125568999
Ruthenibacterium lactatiformans	0.41245461830436	0.588641186530798	-0.813157361125057	-0.72354520243537	-0.472230774154465	0.897256468649045	1.06821426679268	-0.590013809810848	0.439605607370311	-0.218450253378365	0.163757992565532	-0.752532739308623
Parabacteroides johnsonii	-0.243785816602753	0.00405034730182763	0.241721999178947	0.0746679145157811	-0.0719355596760947	-0.183161194786319	-0.490645894534279	0.0516783962910825	-0.045960073272834	0.260770194149642	0.0516783962910825	0.350921291143939
Curtobacterium flaccumfaciens	-1.3108970594565	0.463923894043511	0.124556537621471	2.30878186041405	-0.0884905534417291	-0.546691957630837	-0.344709356437725	0.393146062713952	-0.309923240352309	0.341035865826552	-0.207130120199729	-0.823601933100707
Anaerostipes sp. PC18	-0.220188282072839	0.299111968684124	-0.703040053796423	-0.604599980983171	-0.138510251058571	0.864138049347794	0.708787609328632	-0.486816945326788	0.78169438013672	-0.11909216520147	0.192343993258418	-0.573828322316418
Streptomyces sp. NBC_01324	-1.07739163381341	0.30890272730648	0.30890272730648	1.08209261553996	0.463053407133739	-1.07739163381341	-0.566566010047419	-0.384244453253466	-0.566566010047419	0.388945434980016	0.657209421574697	0.463053407133739
Agathobaculum massiliense	0.0926973983590287	0.326312249540534	-0.366834931019412	-0.453846308009042	-0.618149359300317	0.624357109027861	0.92484345372563	-0.654517003471192	0.4190939829915	0.4190939829915	0.192780856916011	-0.905831431752099
Megasphaera stantonii	0.17505589389722	0.17505589389722	-0.230409214210944	-0.741234837976936	-0.335769729868771	0.645059523142955	0.68588151766321	-0.13509903440662	0.17505589389722	-0.230409214210944	-0.13509903440662	-0.0480876574169908
Bacillus cereus	-0.0259423758231989	0.635456106422167	-0.313624448274981	-0.0259423758231989	-0.495946005068934	0.962669017630582	-0.0259423758231989	0.0346822459932365	0.336963117866169	-0.495946005068934	-0.09048089696077	-0.495946005068934
Acidaminococcus intestini	-0.211520228908197	0.5506198231387	-0.54799246552941	-1.0588180892954	-0.0779888362836747	0.787008601202929	1.33907718350297	-0.365670908735456	0.24046489483486	-0.365670908735456	-0.211520228908197	-0.0779888362836747
Duncaniella dubosii	-0.00561534679348252	-0.14180620828613	0.567033848361408	0.159660342727483	0.118718952350123	-0.375658932206842	-0.495994161581789	0.111729408168411	-0.344343647541378	0.173885333658831	-0.0353488121750694	0.267739223318431
Prevotella bivia	-0.293924987524578	0.130958206440686	0.0509154987671501	0.130958206440686	-0.182699352414355	0.0509154987671501	-0.488081001965536	0.130958206440686	-0.23676657368463	0.369369229885685	0.168698534423534	0.168698534423534
Massilistercora timonensis	0.344828555897196	0.126139354932366	-0.790151376941789	-0.753783732770914	-0.718692412959644	0.64581459397534	1.02599954541043	-0.0970041963818433	0.738317472958644	-0.115696329393996	0.0166551220906781	-0.422426596816472
Ruminococcus sp. SR1/5	-0.00866432604375156	0.0603285454432001	-0.45049707832279	-0.121993011350755	-0.701811506603697	0.530332174688936	0.530332174688936	-0.296346398495533	0.736668607686764	-0.0827722981974741	0.372703230485352	-0.568280113979174
Ruminococcus champanellensis	-0.010338596236716	0.384315595767232	-0.671737078482082	-0.225449975853662	-0.266271970373918	0.818354076319452	0.998325455768454	-0.736275599619653	0.269246265982445	-0.186229262700381	0.362336689048457	-0.736275599619653
Stomatobaculum sp. F0698	0.137349338715426	0.0928975761445923	-0.433195519752188	-0.513238227425724	-0.513238227425724	0.933680755510602	0.913878128214423	-0.600249604415353	0.369150952772751	-0.0537058980472835	0.179908953134222	-0.513238227425724
Sellimonas intestinalis	0.0506448808214879	-0.0421368526294783	-0.605230904941226	-0.581133353362165	-0.557602855951971	0.579036828305378	0.890683181195888	-0.447601960737642	0.756370843588294	0.100037636151065	0.325587927495839	-0.468655369935475
Alistipes onderdonkii	0.128185557309988	0.244349764395424	0.586361394486675	0.333021443941449	0.559080449215783	-0.747507169293365	-0.554933684063833	-0.526516471340257	-0.77475681174074	0.460489785332296	0.537004497516583	-0.244778755759993
Alistipes sp. i18-0019-D1	0.198552229355389	0.323715372309395	0.681627940168477	0.383793496252679	0.644137331252979	-0.753456585120845	-0.709004822550011	-0.691763016115505	-0.910642168643258	0.547477927047889	0.639632819131874	-0.354070523089063
Paraflavitalea soli	-0.0979142957308614	0.164449968736628	0.0844072610630917	-0.00260411592653753	-0.203274811388688	-0.0979142957308614	-0.321057847045072	0.164449968736628	-0.321057847045072	0.238557940890351	0.0844072610630917	0.307550812377302
Alistipes dispar	0.147372636182633	0.300612983675746	0.627476361190322	0.386941067164243	0.5944237780689	-0.769714591153781	-0.545774544377312	-0.689365463989568	-0.861445526731326	0.531377693271028	0.604555576999307	-0.3264599703002
Solibaculum mannosilyticum	0.142695964905539	0.422997930059697	-0.675614358608412	-0.611075837470841	-0.439225580544182	0.835843145465485	0.920400533493548	-0.550451215654405	0.528358445717524	-0.125568021689141	0.227253352933602	-0.675614358608412
Blautia sp. SC05B48	0.0877330658458142	0.171114674784866	-0.649865877284965	-0.275172427843554	-0.649865877284965	0.535757788372774	0.884064482640991	-0.482811792621799	0.665810916620972	-0.15738939218717	0.210335387938146	-0.339710948981125
Alkalitalea saponilacus	-0.102714491580535	-0.102714491580535	0.0979562038816155	0.0979562038816155	0.00264602407729164	-0.102714491580535	-0.220497527236919	0.00264602407729164	-0.220497527236919	0.184967580871245	0.0979562038816155	0.265010288544781
Clostridium sp. C1	-0.0905494355649861	-0.378231508016768	0.227904295553548	-0.560553064810721	-0.560553064810721	-0.224080828189509	0.314915672543178	0.0272336000913977	1.41352796121129	-0.224080828189509	0.0272336000913977	0.0272336000913977
Streptococcus suis	0.084824014984342	0.084824014984342	-0.177540249483148	-0.400683800797358	-0.177540249483148	0.610917110881122	0.410246415418971	-0.68836587324914	0.158931987138065	0.00478130731080562	0.00478130731080562	0.084824014984342
Stenotrophomonas maltophilia	-0.380032564335892	0.146060531560888	0.0995405159259946	0.190512294131722	-0.000542942630987753	-0.000542942630987753	0.146060531560888	-0.236931720695218	-0.236931720695218	-0.000542942630987753	0.273893903070773	-0.000542942630987753
Clostridium thermosuccinogenes	-0.0763168545025739	0.0290436611552529	-0.194099890158958	-0.194099890158958	-0.194099890158958	0.434508769263417	0.559671912217423	-0.481781962610739	0.291407925622742	0.0290436611552529	0.124353840959577	-0.32763128278348
[Clostridium] symbiosum	0.595496692251094	0.0661764858489393	-0.50573682989689	-0.113481953525532	-0.895576620101973	0.720813811647009	0.499400863591378	-0.231930103938725	0.519372996778294	0.0207141117721825	0.0207141117721825	-0.695963566197958
Tellurirhabdus rosea	-0.209572483202876	0.169917138502027	0.27000059705901	0.0586915033918043	-0.0664716395622023	-0.0664716395622023	-0.471936747670366	-0.0664716395622023	-0.376626567866042	0.316520612693903	0.221210432889578	0.221210432889578
Caproicibacterium amylolyticum	0.205213234508385	0.344975176883544	-0.487933946051559	-0.487933946051559	-0.305612389257606	0.576776790940869	0.993670594872656	-0.593294461709386	0.344975176883544	-0.151461709430347	0.153919940120835	-0.593294461709386
Blautia argi	-0.175421648545984	0.199271800895427	-0.656394309162294	-0.445085215495086	-0.57183692113423	0.653527073173023	0.613035711818286	-0.376092344008136	0.834525003036469	-0.0238717504187829	0.442217979505816	-0.493875379664519
Petrimonas mucosa	-0.135504367679024	-0.00197297505450145	0.221170576259707	0.0971179275897294	-0.0230263842523346	-0.235587826236007	-0.376666424495913	0.078069732619034	-0.289655047506283	0.237699878210918	0.0388490194657534	0.389505891078922
Bacteroides luhongzhouii	-0.0237982530646441	0.359193999191462	0.347765303367839	0.324508441203572	0.0715119267396815	-0.380473197003376	-0.78593830511154	0.0865498041042221	-0.267995213576686	0.370493554445395	0.00899156975834714	-0.110809630054273
Blautia hansenii	-0.201999278370249	0.00709251948831024	-0.630994883888608	-0.562002012401656	-0.70510285604233	0.601148797404024	0.661773419220459	-0.0919983831559206	1.02723319271492	0.0972436164826069	0.502708724590772	-0.70510285604233
Pseudobacter ginsenosidimutans	-0.181517898089583	0.0596441587273056	0.193175551351828	0.253800173168264	-0.014463813426417	-0.181517898089583	-0.499971629208117	0.0596441587273056	-0.382188593551733	0.310958587008212	0.128637030214257	0.253800173168264
Megamonas hypermegale	0.163458279610357	0.0764469026207273	-0.242006828497807	-0.37553822112233	-0.37553822112233	0.511764973878574	0.568923387718522	-0.242006828497807	-0.124223792841423	-0.0188632771835966	0.0764469026207273	-0.0188632771835966
Fulvitalea axinellae	-0.0755197703029165	-0.0755197703029165	0.416956714794878	0.234635158000923	0.165642286513972	-0.276190465765067	-0.527504894045974	0.0114916066867128	-0.276190465765067	0.0915343143602492	0.0114916066867128	0.299173679138494
Thermophilibacter mediterraneus	-0.162132397462482	0.205592382662834	-0.162132397462482	-0.279915433118866	-0.279915433118866	0.585082004367738	0.859518850069499	-0.749919062364601	0.279700354816557	-0.162132397462482	0.279700354816557	-0.413446825743389
Prevotella corporis	-0.115956632087764	0.146407632379727	0.0663649247061908	-0.0469637606008124	-0.286914430231404	0.112884940341083	-0.472631576026497	0.189425017463417	-0.270107311915023	0.362935944575217	0.146407632379727	0.168147619016133
Marvinbryantia formatexigens	-0.00212730899064351	0.137634633384515	-0.599964309746264	-0.599964309746264	-0.613036391313617	0.846190439297305	0.861365237316541	-0.328649214758689	0.673001366066623	-0.0762352811443661	0.168218056756595	-0.466432917121741
Prevotella sp. oral taxon 475	-0.117114785772589	0.085826058224101	0.085826058224101	0.0959784296881185	-0.236461543405156	0.0117180860703794	-0.491808235214	0.164297673665596	-0.294448801055505	0.368393030009111	0.135587567783165	0.192206461782673
Eshraghiella crossota	0.699971971819601	-0.0108747858397447	-0.570490573775167	-0.509865951958732	-0.778129938553413	0.699971971819601	0.645904750549326	-0.570490573775167	0.876428409161158	-0.124203471146748	0.212268765474465	-0.570490573775167
Oscillibacter hominis	-0.181399988861315	0.709419384164525	-0.949115864918769	-0.98190568774176	-0.516077429906505	1.16129281974083	1.413562399399	-0.612643628297556	0.725263713185675	-0.302181527513955	0.414339004231299	-0.880553193481473
uncultured Subdoligranulum sp.	0.0924342374736238	0.396116651271845	-0.611523859190537	-0.726593188975325	-0.528142250251486	0.827692903383696	1.06516628025273	-0.508339622955306	0.522679374580275	-0.0963598338259484	0.269364945632702	-0.702495637396264
Bacteroides nordii	-0.074728710717662	0.0170788385354612	0.264487011849302	0.178720190091878	-0.0369883827348145	-0.175824827589031	-0.560236526499362	0.132910654060583	-0.219309939528769	0.278092663905081	0.0170788385354612	0.178720190091878
Porphyromonas crevioricanis	-0.00678828685651922	-0.0639467006964676	0.360936493268797	0.147362392970738	0.0985722288013058	-0.412253394964685	-0.412253394964685	0.0985722288013058	-0.189109843650474	0.147362392970738	-0.00678828685651922	0.238334171176465
Pontibacter russatus	-0.273871283109866	-0.0115070186423765	0.46806606161951	0.0626009535113461	0.131593824998298	-0.273871283109866	-0.379231798767693	0.131593824998298	-0.379231798767693	0.196132346135869	0.131593824998298	0.196132346135869
Larkinella insperata	-0.193645643807024	0.0475164130098644	-0.106634266817395	-0.0265915591438581	-0.394316339269174	0.116509284496816	-0.288955823611348	0.241672427450823	-0.106634266817395	0.352898062561046	0.241672427450823	0.116509284496816
Cloacibacillus porcorum	-0.19543085742575	1.00854194690019	-0.600895965533915	-1.00636107364208	-0.783217522327869	1.45749216694809	1.07308046803776	-0.313213893082134	0.315394766340241	-0.313213893082134	-0.19543085742575	-0.446745285706657
Herbinix luporum	0.0523353790947585	-0.0588902560154647	-0.407196950283682	-0.589518507077635	-0.494208327273311	0.541883604413465	0.869096515621881	-0.407196950283682	0.821468466632626	-0.1195148778319	0.198938853286634	-0.407196950283682
Dorea formicigenerans	-0.0638848620975212	0.19847940236997	-0.608612037539193	-0.574710485863512	-0.643703357350463	0.852405869776634	0.751479951186673	-0.449547342909506	0.794776756939997	-0.0056159539735452	0.19847940236997	-0.449547342909506
Petrimonas sp.	-0.0998986593260796	-0.0458314380558047	0.341934092952959	0.228605407645956	0.1877834131257	-0.425321059760709	-0.592375144423874	0.00546185633174545	-0.351213087606986	0.228605407645956	0.145223798706905	0.37702541276423
Faecalibacterium sp. I3-3-89	-0.0359934471707231	0.657153733389222	-0.803248599884391	-0.803248599884391	-0.53498461328971	1.09771016130866	1.33228240844649	-0.595609235106146	0.5236223407647	-0.277155503987611	0.242719955298297	-0.803248599884391
Paraprevotella clara	-0.235970579191373	0.0723307804631439	0.187843667584988	0.0620742802959544	-0.0467285795528447	-0.105917450943175	-0.561392979626001	0.122092290022207	-0.278530193610169	0.331550388251163	0.169494528916792	0.283153847389313
Aristaeella hokkaidonensis	0.0897366836692033	0.217570055179088	-0.436356412227576	-0.603410496890742	-0.436356412227576	0.662255876440534	0.930519863035213	-0.362248440073854	0.365990060297362	-0.168092425632896	0.176748060658833	-0.436356412227576
Prevotella sp. E9-3	-0.183458272714463	0.142473681871317	0.095007144632393	0.015542973278146	-0.230415255802235	0.095007144632393	-0.544072814657277	0.194098047276624	-0.310457963475772	0.382689217084174	0.181439650404701	0.162146447470022
Mangrovibacterium marinum	-0.262512011640913	-0.0393684603267026	0.430635168919032	0.297103776294509	0.0857946826273039	-0.349523388630542	-0.550194084092693	0.0251700608108685	-0.349523388630542	0.343623791929403	0.0251700608108685	0.343623791929403
Bacteroides faecium	-0.0451808052286236	0.502071676351083	0.428055933849259	0.428055933849259	0.127596210561761	-0.543989116990597	-0.915894028606459	0.0902917073842442	-0.232697178899683	0.385861144669191	-0.0246672653955207	-0.199504211543919
Anaerostipes caccae	-0.14966985478139	0.101644573499516	-0.591502607060429	-0.537435385790154	-0.346380149027445	1.00676200477555	0.707780377069832	-0.346380149027445	0.595663078949126	-0.186037498952265	0.231697701747714	-0.486142091402604
Lacrimispora xylanisolvens	-0.0756978858002864	0.022742187012966	-0.552621957890596	-0.498554736620321	-0.447261442232771	0.731393554108877	0.731393554108877	-0.264939885438816	0.791112788810499	-0.184897177765279	0.194592443939625	-0.447261442232771
Lacrimispora xylanolytica	-0.118848279869466	-0.0762886654506705	-0.615285166183357	-0.615285166183357	-0.481753773558834	0.823194948107104	0.752990689433855	-0.258610222244625	0.806100514747803	-0.0354666709304148	0.301005565690798	-0.481753773558834
Sporofaciens musculi	0.188754883877383	0.30087218199809	-0.487585178366181	-0.487585178366181	-0.333434498538923	0.802565322200808	0.706337290106253	-0.630686022006855	0.373897317012979	-0.0821200702580169	0.359712682021023	-0.710728729680391
Enterocloster clostridioformis	-0.230727807305905	0.0339647469211775	-0.591741152843236	-0.500391374255008	-0.34624069442775	1.01421243550825	0.629473457917206	-0.380846223605225	0.734064446796004	-0.100231318376537	0.184787636655761	-0.446324152984732
Eubacterium ventriosum	-0.0404496564550652	0.00607035917982834	-0.600065444390488	-0.194600336282322	-0.782387001184441	0.846853538545838	0.441388430437674	-0.687076821380117	0.958079173656063	0.210864771825841	0.441388430437674	-0.600065444390488
Citrobacter freundii	0.17806760821145	0.0513159025723064	0.201598105621644	0.129277444042018	-0.0938661072721914	0.247060479698401	0.332218288038709	-0.468559556713602	-0.263765144067589	-0.125614805586771	-0.0938661072721914	-0.0938661072721914
Pseudomonas fulva	-0.16355337503775	0.359694768726797	-0.16355337503775	-0.451235447489532	-0.228091896175322	0.154900356080784	0.0082968818889082	0.108380340445891	-0.16355337503775	0.32195444074395	0.108380340445891	0.108380340445891
Duncaniella sp. C9	-0.262889215883447	0.0141091877243129	0.255115189609549	-0.176658643161842	0.00422985380465413	-0.0930126937507252	-0.343112055053463	0.16395945825004	-0.0695811621479256	0.208554298420276	0.123176641774414	0.176109140414165
Butyricimonas faecalis	-0.0688733314717123	-0.0688733314717123	0.287801612467019	0.182441096809194	0.000119540015239394	-0.405345568092924	-0.3100353882886	0.0646580611528105	-0.223024011298971	0.182441096809194	-0.0688733314717123	0.427563554842179
Bacteroides graminisolvens	-0.31139240779672	0.0940727003114441	0.276394257105399	0.199433215969271	0.0250798288244933	-0.246853886659149	-0.62154733610056	0.11605160703022	-0.31139240779672	0.347853221087544	0.137557812251183	0.294743395773596
Prevotella herbatica	-0.0913693776156155	0.15549070031591	0.123742002001331	-0.0521486644623348	-0.265722764760394	0.123742002001331	-0.671187872868558	0.186262358982663	-0.314512928929826	0.403326864220491	0.216115322132345	0.186262358982663
Faecalibacterium sp. I4-3-84	-0.0847457978637305	0.561881367061321	-0.873203158228	-0.536730921606788	-0.536730921606788	0.918556311000055	1.18092057546755	-0.690881601434047	0.695412759685844	-0.180055977668054	0.0823082867994351	-0.536730921606788
Butyrivibrio fibrisolvens	0.0188772461345303	-0.0219447483857245	-0.560941249118412	-0.49194837763146	-0.560941249118412	0.770293334818451	0.877538865172049	-0.427409856493889	0.816384442018719	-0.155476141010247	0.132205931441534	-0.396638197827136
Achromobacter spanius	-0.0589756833061923	-0.0589756833061923	0.0280356936834369	0.108078401356973	-0.0589756833061923	0.251179244997648	0.108078401356973	-0.154285863110516	-0.154285863110516	0.108078401356973	-0.0589756833061923	-0.0589756833061923
Parabacteroides goldsteinii	0.270837165123681	-0.455704022251654	0.0328616248541413	-0.117226437364829	0.417028735283371	-0.105608049410963	0.016930802781947	1.3246716145214	0.849522515779455	-0.430269125103832	-0.835734233211997	-0.967310591000715
Pseudoflavonifractor gallinarum	0.0462258396669339	0.601875514597413	-0.733703753943462	-0.88785443377072	-0.548638711203756	0.978013007611057	1.25597537737486	-0.562432033336091	0.480654494915955	-0.201138143541065	0.361238805835686	-0.790215964206803
Alistipes megaguti	0.159842793795094	0.312542094557705	0.651190610601514	0.365576791213792	0.614822966430639	-0.77955551308921	-0.612501428426045	-0.686609400579766	-0.882034182372148	0.527372318623491	0.616431977236339	-0.287079027991417
Robiginitalea biformata	-0.254180410426876	0.151284697681289	0.438966770133069	0.0941262838413408	0.0335016620249053	-0.254180410426876	-0.65964551853504	-0.100029730599617	-0.254180410426876	0.396407155714273	0.151284697681289	0.256645213339114
Sorangium cellulosum	-0.297996639737892	0.0384755968833197	0.172006989507842	-0.0356323752704029	-0.115675082943939	0.0384755968833197	0.343857246434501	-0.202686459933568	-0.115675082943939	0.0384755968833197	0.172006989507842	-0.0356323752704029
Paracidovorax avenae	-0.376986790499064	0.153641460563106	-0.040514553877852	-0.194665233705111	-0.040514553877852	0.31616039006088	0.455922332436039	-0.482347306156891	-0.114622526031575	0.153641460563106	0.210799874403055	-0.040514553877852
Acutalibacter muris	-0.111526369058534	0.336611880175705	-0.618725515595352	-0.523826773772557	-0.264315578287472	0.839573767481482	1.03193250214763	-0.650912202091254	0.521251606654565	-0.114254883711738	0.0065593758479281	-0.452367809790411
Streptomyces venezuelae	0.00922732530058035	0.00922732530058035	-0.0777840516890489	-0.173094231493373	-0.2784547471512	0.414692433408746	0.414692433408746	-0.173094231493373	0.00922732530058035	0.00922732530058035	0.00922732530058035	-0.173094231493373
Faecalimonas umbilicata	-0.160492883072232	0.112800451927449	-0.5377871142137	-0.720108671007655	-0.720108671007655	0.795018561955205	0.678608210110793	-0.496965119693445	0.84850724690619	0.254450968990477	0.443042138798027	-0.496965119693445
Chitinophaga oryzae	-0.146835888366974	-0.146835888366974	0.590763054763805	0.0943261684499141	0.0943261684499141	-0.347506583829125	-0.347506583829125	0.0202181962961916	-0.347506583829125	0.288482182890872	0.0202181962961916	0.227857561074437
Paenibacillus polymyxa	-0.211436649118619	0.248095680259821	-0.393758205912572	0.194028458989546	0.0117069021955913	0.522532525961582	0.59949356709771	-0.904583829678565	0.248095680259821	-0.0572859692913603	0.136870045149598	-0.393758205912572
Ethanoligenens harbinense	0.156257904149147	0.407572332430052	-0.536889276410799	-0.536889276410799	-0.467896404923847	0.794345307526065	0.967188120365475	-0.467896404923847	0.350413918590104	-0.131424168302635	0.156257904149147	-0.691039956238058
Lactobacillus intestinalis	-1.55327347653076	-0.0491960797544824	0.749311616463288	0.643951100805463	0.79810178063272	0.586792686965515	-1.14780836842259	0.586792686965515	0.931633173257243	-1.55327347653076	-0.0491960797544824	0.0561644359033444
Pseudobutyrivibrio xylanivorans	0.0390585607048646	0.233214575145823	-0.520557227230558	-0.402774191574174	-0.654088619855081	0.896508792556086	0.578055061437551	-0.80823929968234	0.658097769111087	0.0390585607048646	0.344440210256046	-0.402774191574174
Agrobacterium tumefaciens	0.0478465416970622	-0.0166919794405089	0.219696798623721	-0.159792823081183	-0.23983553075472	0.319780257180703	0.41075203538643	-0.159792823081183	-0.0166919794405089	-0.159792823081183	-0.159792823081183	-0.0856848509274606
Draconibacterium orientale	-0.0597998601914416	0.0202428474820948	0.22788221226034	0.0202428474820948	-0.146811237181071	-0.146811237181071	-0.347481932643221	0.0202428474820948	-0.242121416985395	0.288506834076776	0.0202428474820948	0.345665247916724
Bacteroides sp. HF-162	-0.39683692397108	0.0086281841370841	0.591774469482702	0.385922415278553	0.0494501786573398	-0.336212302154644	-0.39683692397108	-0.279053888314696	-0.530368316595602	0.468160513515524	0.385922415278553	0.0494501786573398
Bacteroides heparinolyticus	-0.185843399153538	0.00521183760917143	0.335453524479748	0.140553185478933	0.0337852100532272	-0.297069034263762	-0.51532260028378	0.0885934465482228	-0.316871661559942	0.303704826165168	0.114910754865596	0.292893910060952
Porphyromonas sp. oral taxon 275	-0.325241301726424	0.0210349349914098	0.314796053519573	0.219485873715248	0.15761046999716	-0.434440593691416	-0.434440593691416	-0.0549509719865124	-0.360332621537694	0.332814559022252	0.178663879194993	0.385000312192822
Limosilactobacillus reuteri	-1.07554171625369	-0.491028376696544	1.0346714840929	-0.0427759933831711	0.346857649508313	0.673658138555565	-0.795239751099536	1.0311000517253	0.04728483053501	-0.419852098228649	-0.41224749884343	0.103113280087952
Barnesiella viscericola	-0.185861480919663	-0.0188073962564976	0.398552499503817	0.154930416846065	0.069485210889181	-0.35016453221094	-0.53821676371388	0.0409118384451244	-0.343047064442076	0.299180025690612	0.0880903987202153	0.384946847448037
Subdoligranulum variabile	0.0377911466512657	0.480527649556662	-0.748137767359646	-0.835149144349276	-0.503015309326661	0.996219462973825	1.20567756120278	-0.524994216045436	0.535877744639826	-0.14200196378933	0.273513480172336	-0.776308644326342
Intestinibacillus sp. NTUH-41-i26	-0.176399426108885	0.596790462124597	-0.715395926841571	-0.715395926841571	-0.715395926841571	1.43303848632522	1.28993764268454	-0.715395926841571	0.429736377461431	-0.358720982902838	0.22906568199928	-0.581864534217049
Porphyromonas endodontalis	-0.345127382315342	0.106857741427715	0.273911826090881	0.2346911129376	0.193869118417345	-0.419235354469064	-0.786960134594381	0.0603377257928219	-0.345127382315342	0.383111118055874	0.193869118417345	0.449802492554547
Clostridium sp. MD294	-0.147525413748395	-0.0669449270890565	-0.599510537491453	-0.667718787517987	-0.322878301226257	0.937002135037975	0.848054649021479	-0.382982225295962	0.590073529382384	0.0714135062837817	0.246216230663709	-0.505199858020212
Ruminococcus albus	0.0866823926721079	-0.0245432424381153	-0.292807229032796	-0.0245432424381153	-0.0245432424381153	0.576230617990815	0.474447923680872	-0.555171493500286	-0.0851678642545508	-0.0245432424381153	0.18676585122909	-0.292807229032796
Dyadobacter fermentans	0.0354450278871514	-0.0598651519171725	0.27660708470404	0.0354450278871514	-0.283008703231383	-0.0598651519171725	-0.416540095855906	0.122456404876781	-0.165225667574999	0.27660708470404	0.0354450278871514	0.202499112550317
Bacteroides helcogenes	-0.0741518238418575	0.0593795687826653	0.293572956283461	0.126518871620294	-0.0584034668737177	-0.19193485949824	-0.503714483529082	0.126518871620294	-0.346085539325498	0.293572956283461	0.0731728909150009	0.201554057563208
Lacrimispora sphenoides	0.0201050539490684	-0.0176352740337791	-0.636674482440002	-0.636674482440002	-0.385360054159095	0.835142052118051	0.784711198491158	-0.33129283288882	0.749619878679889	-0.0976779817073155	0.158255392429886	-0.442518467999044
Tannerella forsythia	-0.118725559336349	0.0178499756694013	0.262046936181443	0.0797253793874892	-0.00365622955156208	-0.194711466314271	-0.500093115865453	0.099528006683669	-0.248778687584547	0.245239817865063	0.099528006683669	0.262046936181443
Aeromonas hydrophila	0.0587948076444373	-0.021247900029099	0.327058794239118	-0.108259277018728	0.0587948076444373	0.0587948076444373	0.327058794239118	-0.426713008137263	0.0587948076444373	-0.108259277018728	-0.021247900029099	-0.203569456823052
Faecalibacterium duncaniae	0.00711036389656172	0.477113993142297	-0.686036816663385	-0.462893265349174	-0.546274874288225	0.861525692052629	0.913350759917215	-0.590726636859059	0.395768353688345	-0.0441829304909893	0.361282177617175	-0.686036816663385
Pseudomonas aeruginosa	0.0165435722505896	-0.131092426555475	0.0920511247587346	0.0920511247587346	-0.331763122017627	0.211852324571355	0.347397816567579	-0.418774499007257	-0.0866406639846415	-0.044081049565845	0.454165791993285	-0.201709993769429
Porphyromonas asaccharolytica	-0.00736069044378596	-0.0538807060786795	0.335584060683045	0.0796506865458433	0.120472681066099	-0.32581442156232	-0.390352942699892	-0.00736069044378596	-0.32581442156232	0.268892686184373	0.0370910721270477	0.268892686184373
Proteiniclasticum sp. QWL-01	-0.175330433514286	-0.0699699178564597	-0.175330433514286	-0.426644861795193	-0.580795541622452	0.571883968315934	0.923281855153823	-0.175330433514286	0.266502318764752	-0.175330433514286	0.19239434661103	-0.175330433514286
Group	YF	YF	OF	OF	OF	YF	YF	YF	YF	OF	OF	OF
